dataset,models,projected_tables,completion_tables,tf_removals,tf_keep_rates,tuple_removal_table,tuple_removal_keep_rate,removal_method,removal_attr,removal_attr_values,removal_attr_bias,seed,cascading_deletes,model_families,training_times,query_plan,execution_time,evaluation,fully_synthetic,model_selection_strategy,validation_tuple_removal_keep_rate,validation_removal_attr_bias,validation_tf_keep_rate,not_synthetic,ann_batch_size,ann_neighbors_considered,completable_tables,fixed_completion_path,execution_stats,top_path_union_strategy,prefer_baseline,code_comment,evaluation_method,synthetic_correlation,synthetic_fanout_correlation,synthetic_skew,synthetic_no_tuples,synthetic_tf_constant,synthetic_no_discrete_values,model_sel_stats,model_accuracies
synthetic,['ar_ep20'],"['complete', 'incomplete']",['incomplete'],['complete.tf_incomplete.complete_id'],[0.5],['incomplete'],[0.2],['categorical_prob_bias'],['incomplete.attribute_b'],['1'],[0.8],2,True,['FlatARModel(relations=complete-incomplete)\n\tCompletionSetup(complete->incomplete)'],[[13.014531994005665]],"TopPathUnion(combine,LoadCompleteTable(complete),JoinRelationship(complete-incomplete, inverse=False, model=autoregressive635216b0e34fdd4a20cd26eb9d160fc348b8b3d67fcb61649f40341e),ProjectRequestedJoin(all_r=complete-incomplete, tables=incomplete))",0.770188347902149,"[(False, <RemovalMethod.CATEGORICAL_PROB_BIAS: 'categorical_prob_bias'>, 'incomplete.attribute_b', 0.48191, 0.4947386895178213, 0.275362, 500000, 100000, 500000.0)]",True,none,[0.4],[0.4],1.0,False,1000,10000,['incomplete'],,"[[{}, {'output_tuples': 500000, 'input_tuples': 100000, 'elapsed_time': 0.7619354308117181, 'step': 'JoinRelationship(complete-incomplete, inverse=False, model=autoregressive635216b0e34fdd4a20cd26eb9d160fc348b8b3d67fcb61649f40341e)'}, {'fan_out_tuple_factors': [], 'input_tuples': 500000, 'elapsed_time': 0.006472930079326034, 'step': 'ProjectRequestedJoin(all_r=complete-incomplete, tables=incomplete)'}]]",combine,False,Now numba discretizing & efficient ANN (no repeat),relative_error,0.0,1.0,1.0,100000,5,20,,[[5.653048629191384]]
